20
30
5
15
8
5
3
16
9
14
12
14
20
4
17
11
11
11
20
14
16
5
18
12
10
19
17
11
10
2
16
20
18
1
11
15
3
7
14
9
15
11
11
18
2
7
16
9
12
19
15
13
4
10
16
5
5
19
5
20
6
10
14
16
9
18
12
10
5
12
4
7
16
18
9
5
8
1
14
12
2
16
7
4
9
4
7
9
13
9
14
2
4
4
1
11
15
2
3
18
18
3
12
10
17
13
10
7
6
11
7
1
12
20
5
19
11
6
1
20
15
3
20
18
20
7
5
11
7
14
11
5
14
5
2
17
13
9
17
13
12
12
11
11
7
10
4
7
14
20
8
17
11
7
14
15
9
15
15
10
9
14
9
2
4
5
7
17
17
14
7
6
3
5
7
12
2
13
7
18
2
18
19
1
4
2
5
16
1
1
18
8
14
2
9
1
18
7
14
2
8
4
16
5
5
5
2
6
10
3
9
6
11
6
19
11
2
12
17
3
3
16
14
7
14
14
3
15
19
12
15
11
3
15
8
16
11
17
5
17
18
6
15
18
13
1
15
16
7
9
1
3
19
1
3
20
12
18
2
2
15
3
15
13
10
7
2
19
14
20
10
14
3
15
1
6
16
5
15
20
16
9
19
13
17
11
6
14
5
17
15
4
18
1
12
8
11
20
20
8
4
14
7
9
9
18
2
2
16
9
15
18
3
4
1
11
17
3
2
15
4
5
14
8
4
9
12
3
1
2
4
4
19
16
15
2
7
11
4
3
5
2
4
7
8
5
16
3
7
4
20
12
14
16
15
6
6
7
7
15
2
20
11
16
17
17
19
8
5
14
17
11
19
3
9
3
10
18
8
19
7
6
6
13
2
20
2
2
14
12
3
7
6
12
12
7
4
9
10
4
4
19
2
16
10
1
6
18
10
1
8
1
1
18
10
9
1
11
2
4
5
11
18
12
19
4
9
17
2
17
4
17
12
6
11
1
10
18
12
3
16
12
14
8
9
19
7
9
2
14
8
9
15
5
3
10
6
18
20
18
13
1
17
5
20
19
11
2
15
5
5
10
10
13
8
20
3
9
10
4
6
14
12
3
12
1
11
9
13
4
14
18
15
19
2
13
9
5
4
15
10
20
19
9
11
17
19
14
19
17
2
11
8
1
10
12
12
3
20
20
16
3
3
14
2
2
18
8
10
2
12
4
5
19
2
2
5
20
18
16
1
3
15
6
5
12
9
11
8
8
12
16
10
7
2
8
5
3
9
12
4
4
15
2
17
14
8
17
16
18
7
8
13
14
9
1
1
6
15
16
14
19
18
8
12
12
8
10
7
8
19
10
18
5
19
4
19
6
3
4
17
19